"F#TIME","R#0000","R#0001","R#0002","R#0003","R#0004","R#0005","R#0006","R#0007","R#0008","R#0009","R#0010","R#0011","R#0012","R#0013","R#0014","Total","Z#TEST","Z#GTEST"
"2016-04-27 00:57:20.244","0","0","0","0","0","0","0","0","0","0","","","","","","0","0","0"
"2016-04-27 00:57:21.210","0","0","0","0","0","0","0","0","0","0","","","","","","0","10000","10000"
"2016-04-27 00:57:22.239","0","0","300","1800","3911","4000","1200","400","0","0","","","","","","11611","20000","30000"
"2016-04-27 00:57:23.216","0","0","700","4900","11111","10100","3535","500","0","0","","","","","","30846","30000","60000"
"2016-04-27 00:57:24.212","0","100","1600","9600","21736","19700","7235","1000","0","0","","","","","","60971","40000","100000"
"2016-04-27 00:57:25.262","0","200","2700","16500","36036","33400","12320","1800","0","0","","","","","","102956","50000","150000"
"2016-04-27 00:57:26.211","0","200","3900","23800","53536","48994","18020","2600","100","0","","","","","","151150","60000","210000"
"2016-04-27 00:57:27.210","0","400","5500","33200","74436","68594","24620","3600","100","0","","","","","","210450","70000","280000"
"2016-04-27 00:57:28.212","0","500","7300","44587","99236","91494","33120","4800","200","0","","","","","","281237","80000","360000"
"2016-04-27 00:57:29.213","0","600","9400","57087","127636","117494","42408","6300","300","0","","","","","","361225","90000","450000"
"2016-04-27 00:57:30.211","0","800","11900","70887","159496","146694","53008","7800","300","0","","","","","","450885","100000","550000"
"2016-04-27 00:57:31.213","0","1000","14300","86787","195579","179294","64708","9500","400","0","","","","","","551568","110000","660000"
"2016-04-27 00:57:32.211","0","1200","17100","104087","233739","214994","77408","11300","500","0","","","","","","660328","120000","780000"
"2016-04-27 00:57:33.231","0","1400","20600","123387","276863","254694","92408","13600","600","0","","","","","","783552","130000","910000"
"2016-04-27 00:57:34.211","0","1700","23700","143209","322163","296594","106908","15700","700","0","","","","","","910674","140000","1050000"
"2016-04-27 00:57:35.216","0","2000","27400","165309","372363","342487","123608","18100","800","0","","","","","","1052067","150000","1200000"
"2016-04-27 00:57:36.233","0","2300","31100","188758","424863","391387","140908","21300","900","0","","","","","","1201516","160000","1360000"
"2016-04-27 00:57:37.211","0","2600","35500","214158","477963","443088","159408","23600","1100","0","","","","","","1357417","170000","1530000"
"2016-04-27 00:57:38.219","0","2900","39900","241058","534763","498588","179536","26500","1200","0","","","","","","1524445","180000","1710000"
"2016-04-27 00:57:39.210","0","3200","44500","269058","605224","556988","200636","29500","1400","0","","","","","","1710506","190000","1900000"
"2016-04-27 00:57:40.211","0","3600","49500","299458","672281","619188","223036","32900","1500","0","","","","","","1901463","200000","2100000"
"2016-04-27 00:57:41.237","100","4000","55600","330558","742981","684387","247736","36300","1700","0","","","","","","2103362","210000","2310000"
"2016-04-27 00:57:42.221","100","4400","60300","363658","804981","746487","271272","39900","1900","0","","","","","","2292998","220000","2530000"
"2016-04-27 00:57:43.283","100","4800","66000","398358","895259","812087","296972","43800","2000","0","","","","","","2519376","230000","2760000"
"2016-04-27 00:57:44.211","100","5200","71800","434358","959059","876287","323672","47700","2200","0","","","","","","2720376","240000","3000000"
"2016-04-27 00:57:45.212","100","5700","77900","472058","1027086","944787","352072","51700","2400","0","","","","","","2933803","250000","3250000"
"2016-04-27 00:57:46.216","100","6100","84700","511658","1144993","1017987","381672","56100","2600","0","","","","","","3205910","260000","3510000"
"2016-04-27 00:57:47.210","100","6600","91300","552458","1223123","1091887","411672","60600","2800","0","","","","","","3440540","270000","3780000"
"2016-04-27 00:57:48.287","100","7300","99200","601058","1285923","1159270","444945","66600","3100","0","","","","","","3667496","280000","4060000"
"2016-04-27 00:57:49.209","200","7700","105400","638058","1358223","1220770","475345","69900","3300","0","","","","","","3878896","290000","4350000"
"2016-04-27 00:57:50.214","200","8100","110900","671558","1419723","1280170","500245","73600","3500","0","9900","","","","","4077896","300000","4650000"
"2016-04-27 00:57:51.209","200","8500","116700","706658","1489563","1341270","526545","77400","3600","0","47400","","","","","4317836","310000","4960000"
"2016-04-27 00:57:52.209","200","8800","120800","731258","1545038","1398570","544945","80100","3800","0","73100","","","","","4506611","320000","5280000"
"2016-04-27 00:57:53.209","200","9100","124900","756258","1600938","1453160","563445","82800","3900","0","100200","","","","","4694901","330000","5610000"
"2016-04-27 00:57:54.217","200","9400","128800","779858","1654138","1491160","581045","85400","4000","0","123200","","","","","4857201","340000","5950000"
"2016-04-27 00:57:55.209","200","9700","133400","807458","1716238","1520660","601545","88500","4200","0","151003","","","","","5032904","350000","6300000"
"2016-04-27 00:57:56.211","200","10000","137500","832058","1771838","1548660","620045","91100","4300","0","173903","","","","","5189604","360000","6660000"
"2016-04-27 00:57:57.208","200","10300","141800","858758","1831838","1577260","639845","94100","4400","0","200703","","","","","5359204","370000","7030000"
"2016-04-27 00:57:58.219","200","10600","145900","883058","1886701","1601654","658145","96700","4600","0","226603","","","","","5514161","380000","7410000"
"2016-04-27 00:57:59.207","200","10900","149900","907558","1941501","1625954","676245","99400","4700","0","252903","","","","","5669261","390000","7800000"
"2016-04-27 00:58:00.209","200","11200","153900","931758","1996401","1652054","694445","102100","4800","0","277303","","","","","5824161","400000","8200000"
"2016-04-27 00:58:01.218","300","11600","158600","960258","2060001","1682754","715545","105200","5000","0","305203","","","","","6004461","410000","8610000"
"2016-04-27 00:58:02.211","300","12300","169400","1023558","2134764","1748954","764159","112400","5300","0","371603","59100","","","","6401838","420000","9030000"
"2016-04-27 00:58:03.204","300","13200","181600","1099158","2219264","1826054","819159","120400","5700","0","449803","153555","","","","6888193","430000","9460000"
"2016-04-27 00:58:04.216","300","14100","194100","1173558","2305764","1902854","875629","128700","6100","0","527189","237155","","","","7365449","440000","9900000"
"2016-04-27 00:58:05.206","300","15000","205700","1245058","2387864","1974354","927657","136400","6400","0","603189","312755","","","","7814677","450000","10350000"
"2016-04-27 00:58:06.232","400","15900","217900","1318558","2471264","2050054","982557","144500","6800","0","677589","394047","","","","8279569","460000","10810000"
"2016-04-27 00:58:07.216","400","16800","230200","1393258","2557064","2128054","1038457","152700","7200","0","756483","477747","","","","8758363","470000","11280000"
"2016-04-27 00:58:08.205","400","17700","242100","1465458","2638464","2201982","1092057","160600","7600","0","832083","558047","","","","9216491","480000","11760000"
"2016-04-27 00:58:09.233","400","18600","254900","1540658","2725364","2278950","1148957","168800","8000","0","909283","640547","","","","9694459","490000","12250000"
"2016-04-27 00:58:10.207","500","19500","267000","1616258","2809664","2359050","1204057","177100","8400","100","986483","725647","","","","10173759","500000","12750000"
"2016-04-27 00:58:11.207","500","20400","279700","1692824","2894364","2438350","1261257","185500","8800","100","1065883","812947","","","","10660625","510000","13260000"
"2016-04-27 00:58:12.205","500","21300","292600","1770924","2981064","2521950","1319457","194000","9200","100","1144335","901547","","","","11156977","520000","13780000"
"2016-04-27 00:58:13.228","500","22300","305400","1848024","3071164","2597765","1377057","202500","9600","100","1228435","984147","","","","11646992","530000","14310000"
"2016-04-27 00:58:14.210","600","23200","317600","1922224","3156664","2673265","1432290","210700","10000","100","1305535","1066647","","","","12118825","540000","14850000"
"2016-04-27 00:58:15.214","600","24200","331100","2003924","3245364","2756165","1493090","219600","10400","100","1392735","1155047","","","","12632325","550000","15400000"
"2016-04-27 00:58:16.205","600","25100","343500","2078524","3330547","2833565","1549090","227800","10800","100","1469235","1245147","","","","13114008","560000","15960000"
"2016-04-27 00:58:17.205","600","26000","356000","2155083","3416062","2913565","1605690","236200","11200","100","1548035","1330447","","","","13598982","570000","16530000"
"2016-04-27 00:58:18.208","700","26900","368600","2230383","3500662","2993265","1662343","244500","11600","100","1625535","1416647","","","","14081235","580000","17110000"
"2016-04-27 00:58:19.207","700","27800","381500","2309483","3589462","3075158","1720743","253100","12000","100","1706035","1505247","","","","14581328","590000","17700000"
"2016-04-27 00:58:20.209","700","28800","394800","2389483","3677062","3159558","1780443","261800","12400","100","1785935","1582747","","","","15073828","600000","18300000"
"2016-04-27 00:58:21.203","700","29800","408700","2473383","3769107","3248558","1843043","271000","12900","100","1871935","1666784","","","","15596010","610000","18910000"
"2016-04-27 00:58:22.232","800","30800","422200","2550192","3858707","3329258","1903943","279900","13300","100","1953635","1753884","","","","16096719","620000","19530000"
"2016-04-27 00:58:23.211","800","31700","434000","2627292","3943907","3406777","1957443","287900","13600","100","2031635","1841084","","","","16576238","630000","20160000"
"2016-04-27 00:58:24.214","800","32600","446400","2701992","4030607","3483308","2013043","296100","14000","100","2110335","1932684","","","","17061969","640000","20800000"
"2016-04-27 00:58:25.237","800","33500","459600","2774992","4115007","3559008","2070643","304800","14500","100","2188935","2019084","200","","","17541169","650000","21450000"
"2016-04-27 00:58:26.257","900","35100","480100","2859092","4207307","3650108","2153536","318500","15100","100","2281135","2106084","73800","","","18180862","660000","22110000"
"2016-04-27 00:58:27.211","900","36300","497800","2931892","4289107","3720508","2234694","330200","15700","100","2361168","2185084","153000","","","18756453","670000","22780000"
"2016-04-27 00:58:28.205","900","37500","513000","3012392","4375607","3804908","2313594","340300","16100","100","2452768","2269684","241300","","","19378153","680000","23460000"
"2016-04-27 00:58:29.206","1000","38400","525500","3104692","4466707","3882621","2370094","348600","16500","200","2540568","2334584","302800","","","19932266","690000","24150000"
"2016-04-27 00:58:30.211","1000","39300","538100","3195652","4556607","3960321","2426494","356900","16900","200","2628868","2392984","359500","","","20472826","700000","24850000"
"2016-04-27 00:58:31.207","1000","40200","549900","3283932","4626507","4037521","2479994","364800","17300","200","2719668","2445784","414900","","","20981706","710000","25560000"
"2016-04-27 00:58:32.207","1000","41000","562100","3371832","4685907","4114421","2534794","372800","17700","200","2806568","2496684","469500","","","21474506","720000","26280000"
"2016-04-27 00:58:33.207","1100","41900","574100","3469332","4738307","4194377","2589194","380800","18100","200","2896468","2550884","527300","","","21982062","730000","27010000"
"2016-04-27 00:58:34.204","1100","42800","586400","3549132","4795507","4274677","2644394","388900","18500","200","2973068","2605484","582700","","","22462862","740000","27750000"
"2016-04-27 00:58:35.209","1100","43800","599600","3628832","4856207","4357770","2703894","397700","18900","200","3054668","2663128","643600","","","22969399","750000","28500000"
"2016-04-27 00:58:36.209","1100","44800","613300","3711743","4918807","4443270","2765594","406800","19300","200","3140268","2727028","703600","","","23495810","760000","29260000"
"2016-04-27 00:58:37.208","1200","45800","627300","3795443","4982907","4530470","2828694","416100","19700","200","3225368","2791028","766200","","","24030410","770000","30030000"
"2016-04-27 00:58:38.208","1200","46800","640900","3877243","5046907","4612870","2890294","425100","20200","200","3312568","2851328","826700","","","24552310","780000","30810000"
"2016-04-27 00:58:39.207","1200","47800","655100","3964443","5113027","4697061","2954194","434500","20600","200","3401768","2914828","890200","","","25094921","790000","31600000"
"2016-04-27 00:58:40.206","1200","48900","669300","4044343","5175427","4783661","3018294","443900","21100","200","3491589","2980028","956100","","","25634042","800000","32400000"
"2016-04-27 00:58:41.261","1300","50000","684100","4127443","5239727","4873561","3082994","453700","21500","200","3582989","3042228","1020000","7200","","26186942","810000","33210000"
"2016-04-27 00:58:42.217","1300","51300","702100","4207743","5316227","4945561","3158894","465700","22100","200","3649889","3119528","1090400","75500","","26806442","820000","34030000"
"2016-04-27 00:58:43.235","1300","52500","718200","4292743","5395027","5015103","3236294","476400","22600","200","3723989","3196428","1176871","152000","","27459655","830000","34860000"
"2016-04-27 00:58:44.219","1400","53700","735300","4364843","5473427","5085203","3309094","487600","23100","200","3791198","3275728","1255671","225300","","28081764","840000","35700000"
"2016-04-27 00:58:45.213","1400","54700","748900","4432643","5533827","5158603","3377094","496800","23600","200","3833998","3341528","1319971","278799","42700","28644763","850000","36550000"
"2016-04-27 00:58:46.222","1400","55600","761400","4509143","5590227","5245703","3433594","505100","24000","200","3875798","3398588","1376671","319199","79100","29175723","860000","37410000"
"2016-04-27 00:58:47.206","1400","56500","774100","4585243","5647927","5307703","3490894","513500","24400","200","3913798","3456188","1433771","362399","116100","29684123","870000","38280000"
"2016-04-27 00:58:48.206","1500","57500","787300","4665243","5711227","5350403","3550294","522200","24800","300","3954498","3514688","1492666","403699","157100","30193418","880000","39160000"
"2016-04-27 00:58:49.210","1500","58500","800600","4745543","5771227","5390403","3610094","531000","25200","300","3993598","3575388","1552766","448999","198800","30703918","890000","40050000"
"2016-04-27 00:58:50.205","1500","59400","813800","4825443","5828427","5430803","3669894","539800","25600","300","4031798","3637888","1612866","491199","243577","31212295","900000","40950000"
"2016-04-27 00:58:51.204","1500","60500","828000","4911443","5893589","5472903","3733894","549200","26100","300","4074698","3699688","1679566","538299","289277","31758957","910000","41860000"
"2016-04-27 00:58:52.205","1600","61500","841600","4993543","5956189","5515403","3795194","558200","26500","300","4117598","3760788","1740766","580299","332177","32281657","920000","42780000"
"2016-04-27 00:58:53.208","1600","62500","855400","5076843","6019689","5559903","3857294","567400","26900","300","4161898","3823788","1801866","620999","375177","32811557","930000","43710000"
"2016-04-27 00:58:54.204","1600","63500","869300","5161513","6082189","5604703","3920194","576600","27400","300","4205398","3885888","1866666","661784","421177","33348212","940000","44650000"
"2016-04-27 00:58:55.204","1700","64500","883500","5247613","6146789","5649303","3984394","586100","27800","300","4248098","3950088","1931766","705984","467877","33895812","950000","45600000"
"2016-04-27 00:58:56.211","1700","65600","897900","5334213","6210089","5695503","4049294","595500","28300","300","4292198","4014788","1999224","750784","512277","34447670","960000","46560000"
"2016-04-27 00:58:57.205","1700","66600","911600","5417613","6272389","5737903","4110994","604700","28700","300","4337298","4076717","2061824","790784","557377","34976499","970000","47530000"
"2016-04-27 00:58:58.205","1700","67600","925600","5502113","6333189","5782603","4174194","614000","29200","300","4380498","4139917","2128324","832984","602277","35514499","980000","48510000"
"2016-04-27 00:58:59.205","1800","68600","939400","5585113","6399189","5826003","4236094","623000","29600","300","4422798","4198217","2191224","875874","645477","36042689","990000","49500000"
"2016-04-27 00:59:00.219","1800","69700","953400","5671013","6457989","5866203","4299494","632400","30000","300","4467098","4264217","2257924","923174","690125","36584837","1000000","50500000"
